service_id,monday,tuesday,wednesday,thursday,friday,saturday,sunday,start_date,end_date
BUS20264-hba46011-Weekday-02,1,1,1,1,1,0,0,20260925,20261211
BUS20264-hba46ns1-Weekday-02,0,0,0,0,0,0,0,20261111,20261127
BUS20264-hbb46wk1-Weekday-02,1,1,1,1,0,0,0,20260928,20261210
BUS20264-hbc46046-Saturday-02,0,0,0,0,0,1,0,20260926,20261031
BUS20264-hbc46047-Sunday-02,0,0,0,0,0,0,1,20260927,20261101
BUS20264-hbc46f41-Weekday-02,0,0,0,0,1,0,0,20260925,20261030
BUS20264-hbc46wk1-Weekday-02,1,1,1,1,0,0,0,20260928,20261210
BUS20264-hbf46011-Weekday-02,1,1,1,1,1,0,0,20260925,20261211
BUS20264-hbf46ns1-Weekday-02,0,0,0,0,0,0,0,20261111,20261127
BUS20264-hbg46wk1-Weekday-02,1,1,1,1,0,0,0,20260928,20261210
BUS20264-hbl46026-Saturday-02,0,0,0,0,0,1,0,20261107,20261212
BUS20264-hbl46027-Sunday-02,0,0,0,0,0,0,1,20261101,20261206
BUS20264-hbl46036-Saturday-02,0,0,0,0,0,1,0,20261003,20261031
BUS20264-hbl46037-Sunday-02,0,0,0,0,0,0,1,20261004,20261025
BUS20264-hbl46f21-Weekday-02,0,0,0,0,1,0,0,20261106,20261211
BUS20264-hbl46f31-Weekday-02,0,0,0,0,1,0,0,20261002,20261030
BUS20264-hbl46wk1-Weekday-02,1,1,1,1,0,0,0,20260928,20261210
BUS20264-hbq46wk1-Weekday-02,1,1,1,1,0,0,0,20260928,20261210
BUS20264-hbs46sp6-Saturday-02,0,0,0,0,0,1,0,20261121,20261128
BUS20264-hbs46sp7-Sunday-02,0,0,0,0,0,0,1,20261122,20261129
BUS20264-hbs46sw1-Weekday-02,1,1,1,1,0,0,0,20260928,20261210
BUS20264-hbs46sw6-Saturday-02,0,0,0,0,0,1,0,20260926,20261114
BUS20264-hbs46sw7-Sunday-02,0,0,0,0,0,0,1,20260927,20261115
BUS20264-hbt46wk1-Weekday-02,1,1,1,1,0,0,0,20260928,20261210
BUS20264-sbc46w16-Saturday-01,0,0,0,0,0,1,0,20261107,20261114
BUS20264-sbc46w17-Sunday-01,0,0,0,0,0,0,1,20261108,20261115
BUS20264-sbc46wf1-Weekday-01,0,0,0,0,1,0,0,20261106,20261113
Boat-EastBoston-Saturday-Fall-26,0,0,0,0,0,1,0,20261017,20261121
Boat-EastBoston-Sunday-Fall-26,0,0,0,0,0,0,1,20261018,20261122
Boat-EastBoston-Weekday-Summer-26,1,1,1,1,1,0,0,20260925,20261012
Boat-F1-Weekday-Fall-26,1,1,1,1,1,0,0,20261013,20261211
Boat-F1-Weekday-Summer-26,1,1,1,1,1,0,0,20260925,20261012
Boat-F10-Weekday-Fall-26,1,1,1,1,1,0,0,20261013,20261211
Boat-F10-Weekday-Summer-26,1,1,1,1,1,0,0,20260925,20261012
Boat-F2H-Saturday-Fall-26,0,0,0,0,0,1,0,20260926,20261010
Boat-F2H-Sunday-Fall-26,0,0,0,0,0,0,1,20260927,20261011
Boat-F2H-Weekday-Fall-26,1,1,1,1,1,0,0,20260925,20261211
Boat-F4-Saturday-Fall-26,0,0,0,0,0,1,0,20261017,20261212
Boat-F4-Sunday-Fall-26,0,0,0,0,0,0,1,20261018,20261206
Boat-F4-Weekday-Fall-26,1,1,1,1,1,0,0,20261013,20261211
Boat-F4-Weekday-Summer-26,1,1,1,1,1,0,0,20260925,20261012
Boat-F6-Weekday-Summer-26,1,1,1,1,1,0,0,20260925,20261012
Boat-F7-Weekday-Summer-26,1,1,1,1,1,0,0,20260925,20261012
Boat-Lynn-Weekday-Summer-26,1,1,1,1,1,0,0,20260925,20261012
CR-FoxboroWalpole-FllCnnWkd,1,1,1,1,1,0,0,20260925,20261211
CR-MiddleboroughFallRiverNewBedford,0,0,0,0,0,1,1,20261003,20261004
DIV20264-hlb46ct1-Weekday-01,1,1,1,1,0,0,0,20260928,20261001
DIV20264-hlb46ct6-Saturday-01,0,0,0,0,0,1,0,20260926,20261003
DIV20264-hlb46ct7-Sunday-01,0,0,0,0,0,0,1,20260927,20261004
DIV20264-hlb46ft1-Weekday-01,0,0,0,0,1,0,0,20261002,20261002
DIV20264-hmb46wt6-Saturday-01,0,0,0,0,0,1,0,20261003,20261003
DIV20264-hmb46wt7-Sunday-01,0,0,0,0,0,0,1,20261004,20261004
DIV20264-hmo46ct1-Weekday-01,1,1,1,1,0,0,0,20260928,20261001
DIV20264-hmo46ct6-Saturday-01,0,0,0,0,0,1,0,20260926,20261003
DIV20264-hmo46ct7-Sunday-01,0,0,0,0,0,0,1,20260927,20261004
DIV20264-hmo46fc1-Weekday-01,0,0,0,0,1,0,0,20261002,20261002
DayafterThanksgivingDay,0,0,0,0,0,0,0,20261127,20261127
Fall/WinterWeekday,1,1,1,1,1,0,0,20261013,20261125
FallSaturday,0,0,0,0,0,1,0,20260926,20261212
FallSunday,0,0,0,0,0,0,1,20260927,20261206
FallWeekday,0,0,0,0,1,0,0,20260925,20261211
Green-B-8-Friday-e7e26,0,0,0,0,1,0,0,20260925,20261002
Green-B-8-Saturday-e7e26,0,0,0,0,0,1,0,20260926,20261003
Green-B-8-Sunday-e7e26,0,0,0,0,0,0,1,20260927,20261004
Green-B-8-Weekday-e7e26,1,1,1,1,0,0,0,20260928,20261001
Green-B-9-Friday-e7e26,0,0,0,0,1,0,0,20260925,20261002
Green-B-9-Saturday-e7e26,0,0,0,0,0,1,0,20260926,20261003
Green-B-9-Sunday-e7e26,0,0,0,0,0,0,1,20260927,20261004
Green-B-9-Weekday-e7e26,1,1,1,1,0,0,0,20260928,20261001
IndigenousPeoplesDay,0,0,0,0,0,0,0,20261012,20261012
LRV20264-alb46011-Weekday-01,1,1,1,1,0,0,0,20261005,20261210
LRV20264-hlb46016-Saturday-01,0,0,0,0,0,1,0,20261010,20261212
LRV20264-hlb46017-Sunday-01,0,0,0,0,0,0,1,20261011,20261206
LRV20264-hlb46fr1-Weekday-01,0,0,0,0,1,0,0,20260925,20261211
LRV20264-hlm46011-Weekday-01,1,1,1,1,0,0,0,20260928,20261210
LRV20264-hlm46fr1-Weekday-01,0,0,0,0,1,0,0,20260925,20261211
PRIV20264-hpa46011-Weekday-01,1,1,1,1,1,0,0,20260925,20261211
PRIV20264-hpa46016-Saturday-01,0,0,0,0,0,1,0,20261017,20261212
PRIV20264-hpa46017-Sunday-01,0,0,0,0,0,0,1,20261018,20261206
PRIV20264-hpa46sp6-Saturday-01,0,0,0,0,0,1,0,20260926,20261010
PRIV20264-hpa46sp7-Sunday-01,0,0,0,0,0,0,1,20260927,20261011
PRIV20264-hpp46wk1-Weekday-01,1,1,1,1,0,0,0,20260928,20261210
PRIV20264-hpv46011-Weekday-01,1,1,1,1,1,0,0,20260925,20261211
RTL20264-hmb46011-Weekday-01,1,1,1,1,0,0,0,20260928,20261210
RTL20264-hmb46016-Saturday-01,0,0,0,0,0,1,0,20260926,20261212
RTL20264-hmb46017-Sunday-01,0,0,0,0,0,0,1,20260927,20261206
RTL20264-hmo46011-Weekday-01,1,1,1,1,0,0,0,20261005,20261210
RTL20264-hmo46016-Saturday-01,0,0,0,0,0,1,0,20261010,20261212
RTL20264-hmo46017-Sunday-01,0,0,0,0,0,0,1,20261011,20261206
RTL20264-hmo46fr1-Weekday-01,0,0,0,0,1,0,0,20260925,20261211
RTL20264-hms46011-Weekday-01,1,1,1,1,0,0,0,20260929,20261210
RTL20264-hms46016-Saturday-01,0,0,0,0,0,1,0,20260926,20261212
RTL20264-hms46dp1-Weekday-01,1,0,0,0,0,0,0,20260928,20261005
SPRING2026-NORTHSS-Weekend-1,0,0,0,0,0,1,1,20261031,20261212
SPRING2026-NORTHSS-Weekend-1-S6561ad1d,0,0,0,0,0,1,1,20261031,20261212
SPRING2026-NORTHSS-Weekend-1-S7d8482ee,0,0,0,0,0,1,1,20261031,20261212
SPRING2026-NORTHSS-Weekend-1-S9d378dcf,0,0,0,0,0,1,1,20261031,20261212
SPRING2026-NORTHSS-Weekend-31,0,0,0,0,0,1,1,20261003,20261025
SPRING2026-NORTHSS-Weekend-31-S6561ad1d,0,0,0,0,0,1,1,20261003,20261025
SPRING2026-NORTHSS-Weekend-31-S7d8482ee,0,0,0,0,0,1,1,20261003,20261025
SPRING2026-NORTHSS-Weekend-31-S9d378dcf,0,0,0,0,0,1,1,20261003,20261025
SPRING2026-NORTHWKD-Weekday-1,1,1,1,1,1,0,0,20260925,20261211
SPRING2026-NORTHWKD-Weekday-1-S6561ad1d,1,1,1,1,1,0,0,20260925,20261211
SPRING2026-NORTHWKD-Weekday-1-S7d8482ee,1,1,1,1,1,0,0,20260925,20261211
SPRING2026-NORTHWKD-Weekday-1-S9d378dcf,1,1,1,1,1,0,0,20260925,20261211
SPRING2026-SOUTHSS-Weekend-1,0,0,0,0,0,1,1,20260926,20261212
SPRING2026-SOUTHSS-Weekend-1-S0b87ffae,0,0,0,0,0,1,1,20260926,20261212
SPRING2026-SOUTHSS-Weekend-1-S85407dc6,0,0,0,0,0,1,1,20260926,20261212
SPRING2026-SOUTHSS-Weekend-1-Sb0e4ed14,0,0,0,0,0,1,1,20260926,20261212
SPRING2026-SOUTHSS-Weekend-1-Sb7371956,0,0,0,0,0,1,1,20260926,20261212
SPRING2026-SOUTHSS-Weekend-1-Sc9a3b080,0,0,0,0,0,1,1,20260926,20261212
SPRING2026-SOUTHSS-Weekend-1-Scb37d3c2,0,0,0,0,0,1,1,20260926,20261212
SPRING2026-SOUTHSS-Weekend-1-Sd88ed885,0,0,0,0,0,1,1,20260926,20261212
SPRING2026-SOUTHSS-Weekend-30,0,0,0,0,0,1,1,20261003,20261004
SPRING2026-SOUTHSS-Weekend-30-S0b87ffae,0,0,0,0,0,1,1,20261003,20261004
SPRING2026-SOUTHSS-Weekend-30-S85407dc6,0,0,0,0,0,1,1,20261003,20261004
SPRING2026-SOUTHSS-Weekend-30-Sb0e4ed14,0,0,0,0,0,1,1,20261003,20261004
SPRING2026-SOUTHSS-Weekend-30-Sb7371956,0,0,0,0,0,1,1,20261003,20261004
SPRING2026-SOUTHSS-Weekend-30-Sc9a3b080,0,0,0,0,0,1,1,20261003,20261004
SPRING2026-SOUTHSS-Weekend-30-Scb37d3c2,0,0,0,0,0,1,1,20261003,20261004
SPRING2026-SOUTHSS-Weekend-30-Sd88ed885,0,0,0,0,0,1,1,20261003,20261004
SPRING2026-SOUTHSS-Weekend-65-Sf7dfbbb4,0,0,0,0,0,1,0,20261003,20261003
SPRING2026-SOUTHSS-Weekend-66-Sf7dfbbb4,0,0,0,0,0,0,1,20261011,20261018
SPRING2026-SOUTHSS-Weekend-67-Sf7dfbbb4,0,0,0,0,0,1,0,20260926,20260926
SPRING2026-SOUTHWKD-Weekday-60925-Sf4,0,0,0,0,1,0,0,20260925,20260925
SPRING2026-SOUTHWKD-Weekday-611-Sf4,0,0,0,0,1,0,0,20261002,20261002
Spring/SummerSaturday,0,0,0,0,0,1,0,20260926,20261010
Spring/SummerSunday,0,0,0,0,0,0,1,20260927,20261011
Spring/SummerWeekday,1,1,1,1,1,0,0,20260925,20261211
ThanksgivingDay,0,0,0,0,0,0,0,20261126,20261126
VeteransDay,0,0,0,0,0,0,0,20261111,20261111
canonical,0,0,0,0,0,0,0,20260925,20261212
fare_regular,1,1,1,1,1,1,1,20260925,20261212
